17
I70_17A_loc3_baja   0.0000000 0.8597268 1.3261254 0.5286382 0.0000010 0.0000010 0.0000010 0.0000010 0.4922047 0.8015895 0.0000010 1.9393064 0.5286382 1.1088416 0.4922047 0.8015895 1.0883105 
I70_18A_loc3_baja   0.8597268 0.0000000 1.4754842 0.6038757 0.8754182 0.6271423 0.6465626 0.6271423 0.6038757 0.6038757 0.8597268 2.2432503 0.6271423 1.1158377 0.8597268 0.6038757 1.0880078 
I26_14B_loc4_baja   1.3261254 1.4754842 0.0000000 1.3193274 1.3469005 1.3870799 1.3742395 1.3870799 1.3048253 1.2358735 1.3261254 1.7845266 1.3193274 1.6379394 1.3048253 1.2358735 1.6245038 
I96_20G_loc4_baja   0.5286382 0.6038757 1.3193274 0.0000000 0.5440510 0.0000010 0.0000010 0.0000010 0.0000010 0.0000010 0.5286382 3.8305878 0.0000010 0.9240301 0.5286382 0.0000010 0.8841158 
I96_20H_loc4_baja   0.0000010 0.8754182 1.3469005 0.5440510 0.0000000 0.0000010 0.0000010 0.0000010 0.5065358 0.8159966 0.0000010 2.7877652 0.5440510 1.1226817 0.5065358 0.8159966 1.1020472 
I96_20J_loc4_baja   0.0000010 0.6271423 1.3870799 0.0000010 0.0000010 0.0000000 0.0000010 0.0000010 0.0000010 0.0000010 0.0000010 8.9999988 0.0000010 0.9528181 0.0000010 0.0000010 0.9114833 
I95_13_loc8_baja    0.0000010 0.6465626 1.3742395 0.0000010 0.0000010 0.0000010 0.0000000 0.0000010 0.0000010 0.5643352 0.0000010 8.9999990 0.5440507 1.0722473 0.5440507 0.5643352 1.0441775 
I95_13C_loc8_baja   0.0000010 0.6271423 1.3870799 0.0000010 0.0000010 0.0000010 0.0000010 0.0000000 0.0000010 0.0000010 0.0000010 8.9999988 0.0000010 0.9528181 0.0000010 0.0000010 0.9114833 
I95_13D_loc8_baja   0.4922047 0.6038757 1.3048253 0.0000010 0.5065358 0.0000010 0.0000010 0.0000010 0.0000000 0.5286382 0.4922047 3.7861259 0.5286382 1.0322962 0.7832257 0.5286382 1.0049816 
I95_13E_loc8_baja   0.8015895 0.6038757 1.2358735 0.0000010 0.8159966 0.0000010 0.5643352 0.0000010 0.5286382 0.0000000 0.8015895 1.9576419 0.0000010 0.9240301 0.5286382 0.0000010 0.8841158 
I111_16A_loc9_baja  0.0000010 0.8597268 1.3261254 0.5286382 0.0000010 0.0000010 0.0000010 0.0000010 0.4922047 0.8015895 0.0000000 1.9393064 0.5286382 1.1088416 0.4922047 0.8015895 1.0883105 
I112_13B_loc11_baja 1.9393064 2.2432503 1.7845266 3.8305878 2.7877652 8.9999988 8.9999990 8.9999988 3.7861259 1.9576419 1.9393064 0.0000000 1.9576419 2.1079545 1.6987589 1.9576419 2.1455115 
I112_17B_loc11_baja 0.5286382 0.6271423 1.3193274 0.0000010 0.5440510 0.0000010 0.5440507 0.0000010 0.5286382 0.0000010 0.5286382 1.9576419 0.0000000 0.9240301 0.0000010 0.0000010 0.8841158 
I13_loc11_baja      1.1088416 1.1158377 1.6379394 0.9240301 1.1226817 0.9528181 1.0722473 0.9528181 1.0322962 0.9240301 1.1088416 2.1079545 0.9240301 0.0000000 1.0322962 0.9240301 0.5238675 
I15_loc11_baja      0.4922047 0.8597268 1.3048253 0.5286382 0.5065358 0.0000010 0.5440507 0.0000010 0.7832257 0.5286382 0.4922047 1.6987589 0.0000010 1.0322962 0.0000000 0.5286382 1.0049816 
I104_14_loc14_main  0.8015895 0.6038757 1.2358735 0.0000010 0.8159966 0.0000010 0.5643352 0.0000010 0.5286382 0.0000010 0.8015895 1.9576419 0.0000010 0.9240301 0.5286382 0.0000000 0.8841158 
I11_loc14_main      1.0883105 1.0880078 1.6245038 0.8841158 1.1020472 0.9114833 1.0441775 0.9114833 1.0049816 0.8841158 1.0883105 2.1455115 0.8841158 0.5238675 1.0049816 0.8841158 0.0000000 
