36
36_23B_loc2_baja    0.0000000 0.3975764 0.0000010 3.0299714 1.0564361 1.1983475 0.2949289 0.6651902 0.8903770 3.8248292 0.6621329 1.1153351 0.7595807 0.9571758 2.4021527 1.1230221 1.1451163 0.3074487 0.6833911 0.0000010 0.2770420 1.1695538 0.0000010 3.1847484 0.7579881 0.0000010 0.3299011 0.2949289 0.0000010 0.0000010 0.7937077 0.0000010 0.6312976 0.0000010 0.6651902 1.0075475 
39_12D_loc2_baja    0.3975764 0.0000000 0.4259411 2.9565712 0.9740944 1.0964626 1.0570241 0.0000010 0.8966007 2.3815499 0.3898093 0.3790340 0.4113877 0.3894433 0.0000010 0.3790340 0.3790340 0.4077623 0.0000010 0.3532820 0.3532820 0.3790340 0.8133678 3.1540013 0.4113877 0.7884830 0.0000010 0.7884830 0.3975764 0.3975764 0.9438567 0.8133678 0.9821731 0.0000010 0.0000010 0.7434289 
I39_12B_loc2_baja   0.0000010 0.4259411 0.0000000 0.9436082 1.1564219 1.2159689 0.4240507 0.0000010 0.5086467 2.0495253 0.0000010 1.0925919 1.0925919 0.9211069 0.4657110 1.0925919 1.0925919 0.0000010 0.3930046 0.4039599 0.4039599 1.0925919 0.0000010 8.9999988 0.9087372 0.8773125 0.3930046 0.8773125 0.0000010 0.0000010 1.1047964 0.9010714 0.3469022 0.3943472 0.4039599 1.0094525 
I39_12C_loc2_baja   3.0299714 2.9565712 0.9436082 0.0000000 1.7177296 1.5681306 2.6699539 8.9999983 0.0000010 4.0674849 0.0000010 1.5995193 1.6896495 1.6883738 6.1339935 1.6022109 1.5748985 7.4663190 3.2182413 8.0176867 3.9534475 1.5581634 2.5388577 8.9999988 1.8810574 2.8833777 3.1853047 6.7649880 4.3092720 4.3092720 2.3029811 7.3944913 1.8394541 2.7918150 8.9032009 1.7995134 
I6_loc2_baja        1.0564361 0.9740944 1.1564219 1.7177296 0.0000000 1.1552211 1.2029273 1.2058018 1.2200728 2.1123252 1.2220081 1.0321384 1.0535034 1.0729979 2.0576082 1.0942893 1.0835258 1.1610390 1.1131210 1.1442180 1.1809338 1.1209690 1.2086403 1.7397698 1.1048988 1.1278860 0.9823170 1.1630009 0.8599533 0.8599533 1.1650007 1.1038846 1.1312621 1.0698676 1.1975657 1.2125820 
I7_loc3_baja        1.1983475 1.0964626 1.2159689 1.5681306 1.1552211 0.0000000 1.3022602 1.2777090 1.3196642 1.6469397 1.2991829 0.9374980 0.9594833 0.8684891 1.7333268 0.9438619 0.8126166 1.2918194 1.1819454 1.2543028 1.2793701 0.9311716 1.2968588 1.7018271 1.0386622 1.2682049 1.2075701 1.2945409 1.2175928 1.2175928 1.1854134 1.2782681 1.2712423 1.2374964 1.2721673 1.2067473 
I70_12_loc3_baja    0.2949289 1.0570241 0.4240507 2.6699539 1.2029273 1.3022602 0.0000000 0.2687839 0.6128861 2.1494714 0.2788823 1.2791341 1.2374290 1.2201582 0.9924069 1.2845502 1.2815867 0.0000010 0.7572306 0.3059248 0.2803411 1.2861142 0.3194530 7.3334958 1.1194309 0.6395896 0.3452986 0.2795864 0.3029645 0.3029645 0.8570192 0.2984194 0.6113655 0.9776254 0.6694329 1.1680720 
I70_19B_loc3_baja   0.6651902 0.0000010 0.0000010 8.9999983 1.2058018 1.2777090 0.2687839 0.0000000 0.0000010 2.0582272 0.0000010 1.2329528 1.1663413 1.1013095 0.3625308 1.2451014 1.2414010 0.0000010 0.0000010 0.0000010 0.2535748 1.2509197 0.0000010 8.9999987 0.9487824 0.5865863 0.2981486 0.0000010 0.3228195 0.3228195 0.8086966 0.0000010 0.9574250 0.3246437 0.0000010 0.9784332 
I70_20A_loc3_baja   0.8903770 0.8966007 0.5086467 0.0000010 1.2200728 1.3196642 0.6128861 0.0000010 0.0000000 2.0738790 0.0000010 1.3031067 1.2783339 1.2616421 1.0376980 1.3059694 1.3033833 0.0000010 0.7402901 0.3096462 0.6128861 1.3058857 0.7528218 8.9999987 1.1546759 0.8363391 0.7102565 0.2774580 0.7040181 0.7040181 0.9868802 0.3022615 0.9732555 0.8056626 0.0000010 1.2094250 
I9_loc3_baja        3.8248292 2.3815499 2.0495253 4.0674849 2.1123252 1.6469397 2.1494714 2.0582272 2.0738790 0.0000000 1.8845180 1.7398582 2.1562346 1.9851845 3.9768636 1.6886852 1.6744115 2.7671483 2.2925407 2.6975310 1.9664279 1.6334595 1.9533838 3.0017812 2.1428442 2.5195973 2.7235001 2.1836821 7.1599946 7.1599946 2.4702632 3.3520245 2.1007047 2.5614438 2.0424377 1.8746133 
I19_15A_loc6_baja   0.6621329 0.3898093 0.0000010 0.0000010 1.2220081 1.2991829 0.2788823 0.0000010 0.0000010 1.8845180 0.0000000 1.2768155 1.2377801 1.2220908 2.7774145 1.2801747 1.2793295 0.0000010 0.6932443 0.0000010 0.2429808 1.2837909 0.0000010 8.9999981 1.0490128 0.6065389 0.6640409 0.0000010 0.3373871 0.3373871 0.9821731 0.0000010 1.0241760 0.3469024 0.0000010 1.1679187 
17_1I_loc7_baja     1.1153351 0.3790340 1.0925919 1.5995193 1.0321384 0.9374980 1.2791341 1.2329528 1.3031067 1.7398582 1.2768155 0.0000000 0.2496122 0.0000010 1.8745965 0.0000010 0.2341538 1.2630736 0.9843017 1.2043917 1.2505935 0.2341538 1.2700312 1.7068861 0.3115039 1.2297110 1.0424493 1.2696260 1.1288531 1.1288531 1.0562289 1.2425078 1.2340560 1.1618991 1.2208767 1.1331795 
I17_1A_loc7_baja    0.7595807 0.4113877 1.0925919 1.6896495 1.0535034 0.9594833 1.2374290 1.1663413 1.2783339 2.1562346 1.2377801 0.2496122 0.0000000 0.0000010 1.8854320 0.2690496 0.5667574 1.2040488 0.8423993 1.0546262 1.1938743 0.5667574 1.2167656 1.8047672 0.0000010 1.1363205 1.0424493 1.2232250 0.8977388 0.8977388 0.8618933 1.1580013 1.2006937 1.0661426 1.1493005 1.0068550 
I17_1B_loc7_baja    0.9571758 0.3894433 0.9211069 1.6883738 1.0729979 0.8684891 1.2201582 1.1013095 1.2616421 1.9851845 1.2220908 0.0000010 0.0000010 0.0000000 2.0659706 0.2639748 0.0000010 1.1823810 0.3691197 1.0155745 1.1751121 0.2591971 1.1960854 1.8019111 0.0000010 1.1084774 0.8669472 1.2054964 1.0318270 1.0318270 0.3976386 1.1306915 1.1552143 0.8717971 1.0934175 0.8722322 
I17_1G_loc7_baja    2.4021527 0.0000010 0.4657110 6.1339935 2.0576082 1.7333268 0.9924069 0.3625308 1.0376980 3.9768636 2.7774145 1.8745965 1.8854320 2.0659706 0.0000000 1.1543111 1.8745965 0.8648908 8.9999985 0.3737969 2.2548607 1.8745965 1.0852370 8.4635572 2.0621214 0.9165196 4.5727150 0.8198495 0.8056626 0.8056626 2.2976150 0.3737969 1.8854320 0.7548919 0.3299893 2.3577316 
I17_1H_loc7_baja    1.1230221 0.3790340 1.0925919 1.6022109 1.0942893 0.9438619 1.2845502 1.2451014 1.3059694 1.6886852 1.2801747 0.0000010 0.2690496 0.2639748 1.1543111 0.0000000 0.2380771 1.2707326 0.9928354 1.2217264 1.2543663 0.0000010 1.2768431 1.7068861 0.7085838 1.2418600 1.0637113 1.2759153 1.1659971 1.1659971 1.1147957 1.2532323 1.2491517 1.1854450 1.2258454 1.1444084 
I95_13B_loc8_baja   1.1451163 0.3790340 1.0925919 1.5748985 1.0835258 0.8126166 1.2815867 1.2414010 1.3033833 1.6744115 1.2793295 0.2341538 0.5667574 0.0000010 1.8745965 0.2380771 0.0000000 1.2674367 0.9843017 1.2176260 1.2557396 0.2303498 1.2736108 1.7018271 0.6872961 1.2382764 1.1084774 1.2729491 1.1605923 1.1605923 1.0481305 1.2496274 1.2420383 1.1555036 1.2344245 1.1609997 
I113_11B_loc10_baja 0.3074487 0.4077623 0.0000010 7.4663190 1.1610390 1.2918194 0.0000010 0.0000010 0.0000010 2.7671483 0.0000010 1.2630736 1.2040488 1.1823810 0.8648908 1.2707326 1.2674367 0.0000000 0.3311604 0.0000010 0.0000010 1.2736666 0.0000010 8.9999988 0.8033284 0.2747077 0.0000010 0.0000010 0.3093358 0.3093358 0.4318291 0.0000010 0.6296850 0.3177949 0.0000010 1.0982639 
I112_14A_loc11_baja 0.6833911 0.0000010 0.3930046 3.2182413 1.1131210 1.1819454 0.7572306 0.0000010 0.7402901 2.2925407 0.6932443 0.9843017 0.8423993 0.3691197 8.9999985 0.9928354 0.9843017 0.3311604 0.0000000 0.2863536 0.6134287 0.9843017 0.7458666 2.5022786 0.3893665 0.2807718 0.0000010 0.2807718 0.3620086 0.3620086 0.3907567 0.2988642 1.0111511 0.0000010 0.0000010 0.6974035 
36_21B_loc12_main   0.0000010 0.3532820 0.4039599 8.0176867 1.1442180 1.2543028 0.3059248 0.0000010 0.3096462 2.6975310 0.0000010 1.2043917 1.0546262 1.0155745 0.3737969 1.2217264 1.2176260 0.0000010 0.2863536 0.0000000 0.0000010 1.2307419 0.3059248 5.5919980 0.3580014 0.0000010 0.0000010 0.0000010 0.0000010 0.0000010 0.3886889 0.0000010 0.8975231 0.0000010 0.0000010 1.0356898 
I36_18B_loc12_main  0.2770420 0.3532820 0.4039599 3.9534475 1.1809338 1.2793701 0.2803411 0.2535748 0.6128861 1.9664279 0.2429808 1.2505935 1.1938743 1.1751121 2.2548607 1.2543663 1.2557396 0.0000010 0.6134287 0.0000010 0.0000000 1.2624020 0.2984194 3.6878001 0.9026576 0.2381847 0.2662451 0.0000010 0.3029645 0.3029645 0.7447075 0.0000010 1.0351793 0.2998545 0.2415238 1.1461507 
I36_19_loc12_main   1.1695538 0.3790340 1.0925919 1.5581634 1.1209690 0.9311716 1.2861142 1.2509197 1.3058857 1.6334595 1.2837909 0.2341538 0.5667574 0.2591971 1.8745965 0.0000010 0.2303498 1.2736666 0.9843017 1.2307419 1.2624020 0.0000000 1.2791968 1.6698545 0.8812130 1.2478298 1.1084774 1.2781640 1.1858361 1.1858361 1.1083626 1.2581112 1.2511422 1.1854450 1.2344245 1.1609997 
I36_1C_loc12_main   0.0000010 0.8133678 0.0000010 2.5388577 1.2086403 1.2968588 0.3194530 0.0000010 0.7528218 1.9533838 0.0000010 1.2700312 1.2167656 1.1960854 1.0852370 1.2768431 1.2736108 0.0000010 0.7458666 0.3059248 0.2984194 1.2791968 0.0000000 7.4407227 0.8499285 0.7485317 0.3452986 0.7323329 0.0000010 0.0000010 1.0766391 0.7749627 0.6225320 0.3631199 0.3274071 1.1858676 
I36_21A_loc12_main  3.1847484 3.1540013 8.9999988 8.9999988 1.7397698 1.7018271 7.3334958 8.9999987 8.9999987 3.0017812 8.9999981 1.7068861 1.8047672 1.8019111 8.4635572 1.7068861 1.7018271 8.9999988 2.5022786 5.5919980 3.6878001 1.6698545 7.4407227 0.0000000 1.9720204 2.3869132 2.4839773 3.7114309 4.4483005 4.4483005 2.1268437 3.7594715 2.1439898 2.9736681 6.0718665 1.8985960 
I36_23_loc12_main   0.7579881 0.4113877 0.9087372 1.8810574 1.1048988 1.0386622 1.1194309 0.9487824 1.1546759 2.1428442 1.0490128 0.3115039 0.0000010 0.0000010 2.0621214 0.7085838 0.6872961 0.8033284 0.3893665 0.3580014 0.9026576 0.8812130 0.8499285 1.9720204 0.0000000 0.8011092 0.3506582 0.9720938 0.3963515 0.3963515 0.3754318 0.8499285 0.9814437 0.3787233 0.9278302 0.8848534 
I36_23A_loc12_main  0.0000010 0.7884830 0.8773125 2.8833777 1.1278860 1.2682049 0.6395896 0.5865863 0.8363391 2.5195973 0.6065389 1.2297110 1.1363205 1.1084774 0.9165196 1.2418600 1.2382764 0.2747077 0.2807718 0.0000010 0.2381847 1.2478298 0.7485317 2.3869132 0.8011092 0.0000000 0.0000010 0.2338224 0.0000010 0.0000010 0.3584599 0.0000010 0.8731427 0.3299166 0.5615188 1.1478312 
I36_23C_loc12_main  0.3299011 0.0000010 0.3930046 3.1853047 0.9823170 1.2075701 0.3452986 0.2981486 0.7102565 2.7235001 0.6640409 1.0424493 1.0424493 0.8669472 4.5727150 1.0637113 1.1084774 0.0000010 0.0000010 0.0000010 0.2662451 1.1084774 0.3452986 2.4839773 0.3506582 0.0000010 0.0000000 0.0000010 0.0000010 0.0000010 0.3806390 0.0000010 0.7235483 0.0000010 0.2764948 0.9656252 
I36_23D_loc12_main  0.2949289 0.7884830 0.8773125 6.7649880 1.1630009 1.2945409 0.2795864 0.0000010 0.2774580 2.1836821 0.0000010 1.2696260 1.2232250 1.2054964 0.8198495 1.2759153 1.2729491 0.0000010 0.2807718 0.0000010 0.0000010 1.2781640 0.7323329 3.7114309 0.9720938 0.2338224 0.0000010 0.0000000 0.2968248 0.2968248 0.3674524 0.0000010 0.9749780 0.6959025 0.0000010 1.1737133 
I36_28_loc12_main   0.0000010 0.3975764 0.0000010 4.3092720 0.8599533 1.2175928 0.3029645 0.3228195 0.7040181 7.1599946 0.3373871 1.1288531 0.8977388 1.0318270 0.8056626 1.1659971 1.1605923 0.3093358 0.3620086 0.0000010 0.3029645 1.1858361 0.0000010 4.4483005 0.3963515 0.0000010 0.0000010 0.2968248 0.0000000 0.0000010 0.4427012 0.0000010 0.0000010 0.0000010 0.3228192 1.0696689 
I36_28A_loc12_main  0.0000010 0.3975764 0.0000010 4.3092720 0.8599533 1.2175928 0.3029645 0.3228195 0.7040181 7.1599946 0.3373871 1.1288531 0.8977388 1.0318270 0.8056626 1.1659971 1.1605923 0.3093358 0.3620086 0.0000010 0.3029645 1.1858361 0.0000010 4.4483005 0.3963515 0.0000010 0.0000010 0.2968248 0.0000010 0.0000000 0.4427012 0.0000010 0.0000010 0.0000010 0.3228192 1.0696689 
I36_28B_loc12_main  0.7937077 0.9438567 1.1047964 2.3029811 1.1650007 1.1854134 0.8570192 0.8086966 0.9868802 2.4702632 0.9821731 1.0562289 0.8618933 0.3976386 2.2976150 1.1147957 1.0481305 0.4318291 0.3907567 0.3886889 0.7447075 1.1083626 1.0766391 2.1268437 0.3754318 0.3584599 0.3806390 0.3674524 0.4427012 0.4427012 0.0000000 0.3674524 0.8502658 0.8549060 0.7781007 0.8259907 
I36_28C_loc12_main  0.0000010 0.8133678 0.9010714 7.3944913 1.1038846 1.2782681 0.2984194 0.0000010 0.3022615 3.3520245 0.0000010 1.2425078 1.1580013 1.1306915 0.3737969 1.2532323 1.2496274 0.0000010 0.2988642 0.0000010 0.0000010 1.2581112 0.7749627 3.7594715 0.8499285 0.0000010 0.0000010 0.0000010 0.0000010 0.0000010 0.3674524 0.0000000 0.7085838 0.3376292 0.0000010 1.0799577 
I10_loc15_main      0.6312976 0.9821731 0.3469022 1.8394541 1.1312621 1.2712423 0.6113655 0.9574250 0.9732555 2.1007047 1.0241760 1.2340560 1.2006937 1.1552143 1.8854320 1.2491517 1.2420383 0.6296850 1.0111511 0.8975231 1.0351793 1.2511422 0.6225320 2.1439898 0.9814437 0.8731427 0.7235483 0.9749780 0.0000010 0.0000010 0.8502658 0.7085838 0.0000000 0.3787233 1.0648638 1.1544892 
I107_14A_loc15_main 0.0000010 0.0000010 0.3943472 2.7918150 1.0698676 1.2374964 0.9776254 0.3246437 0.8056626 2.5614438 0.3469024 1.1618991 1.0661426 0.8717971 0.7548919 1.1854450 1.1555036 0.3177949 0.0000010 0.0000010 0.2998545 1.1854450 0.3631199 2.9736681 0.3787233 0.3299166 0.0000010 0.6959025 0.0000010 0.0000010 0.8549060 0.3376292 0.3787233 0.0000000 0.3060066 0.9647402 
I107_15A_loc15_main 0.6651902 0.0000010 0.4039599 8.9032009 1.1975657 1.2721673 0.6694329 0.0000010 0.0000010 2.0424377 0.0000010 1.2208767 1.1493005 1.0934175 0.3299893 1.2258454 1.2344245 0.0000010 0.0000010 0.0000010 0.2415238 1.2344245 0.3274071 6.0718665 0.9278302 0.5615188 0.2764948 0.0000010 0.3228192 0.3228192 0.7781007 0.0000010 1.0648638 0.3060066 0.0000000 0.9486867 
I107_21A_loc15_main 1.0075475 0.7434289 1.0094525 1.7995134 1.2125820 1.2067473 1.1680720 0.9784332 1.2094250 1.8746133 1.1679187 1.1331795 1.0068550 0.8722322 2.3577316 1.1444084 1.1609997 1.0982639 0.6974035 1.0356898 1.1461507 1.1609997 1.1858676 1.8985960 0.8848534 1.1478312 0.9656252 1.1737133 1.0696689 1.0696689 0.8259907 1.0799577 1.1544892 0.9647402 0.9486867 0.0000000 
