30
FW267_baja_california 0.0000000 2.0362308 2.0362308 2.0457541 1.5220783 1.5339101 1.5293683 1.5220783 1.4576873 0.0000029 0.0000029 0.0000010 0.0000029 0.7831522 0.4986152 0.4986152 0.0000010 0.0000010 0.4468772 8.9999989 0.0000010 0.0000010 0.8193652 0.4986152 0.4986152 8.9999988 0.4902134 0.4468772 0.4468772 1.5331469 
FW535_baja_california 2.0362308 0.0000000 0.0000010 0.0000029 2.7541672 2.8684835 2.7802982 2.7541672 1.9816219 2.5185103 2.5119370 2.0362308 2.0610195 1.7180933 1.8278111 1.8278111 2.0514362 2.0514362 1.8532046 2.9455055 2.0412500 2.0457521 1.8309633 2.0362308 2.0362308 2.9320101 1.8309633 1.8532046 1.8532046 0.4560695 
FW529_baja_california 2.0362308 0.0000010 0.0000000 0.0000029 2.7541672 2.8684835 2.7802982 2.7541672 1.9816219 2.5185103 2.5119370 2.0362308 2.0610195 1.7180933 1.8278111 1.8278111 2.0514362 2.0514362 1.8532046 2.9455055 2.0412500 2.0457521 1.8309633 2.0362308 2.0362308 2.9320101 1.8309633 1.8532046 1.8532046 0.4560695 
FW526_baja_california 2.0457541 0.0000029 0.0000029 0.0000000 2.8119430 2.9299046 2.8384620 2.8119430 2.1654533 2.5339604 2.5273521 2.0457541 2.0706012 1.7241506 1.8349420 1.8349420 2.0610195 2.0610195 1.8608547 2.9593729 2.0507567 2.0552748 1.8381273 2.0457541 2.0457541 2.9457312 1.8381273 1.8608547 1.8608547 0.4778869 
FW528_baja_california 1.5220783 2.7541672 2.7541672 2.8119430 0.0000000 0.0000010 0.0000010 0.0000010 1.6306102 1.7475247 1.7396537 1.5220783 1.5466488 1.3929836 1.4412754 1.4412754 1.5355681 1.5355681 1.4410070 2.3486074 1.5293683 1.5331469 1.3960556 1.4412754 1.4412754 2.3394801 1.4425140 1.4410070 1.4410070 0.0000029 
FW537_baja_california 1.5339101 2.8684835 2.8684835 2.9299046 0.0000010 0.0000000 0.0000010 0.0000010 1.6360343 1.7687885 1.7609181 1.5339101 1.5586592 1.3995230 1.4494813 1.4494813 1.5475422 1.5475422 1.4497122 2.3708882 1.5411798 1.5450137 1.4023533 1.4494813 1.4494813 2.3614738 1.4507728 1.4497122 1.4497122 0.0000029 
FW530_baja_california 1.5293683 2.7802982 2.7802982 2.8384620 0.0000010 0.0000010 0.0000000 0.0000010 1.6335400 1.7573977 1.7496157 1.5293683 1.5538161 1.3977994 1.4469240 1.4469240 1.5428168 1.5428168 1.4469977 2.3548232 1.5365772 1.5403539 1.4006754 1.4469240 1.4469240 2.3456486 1.4481892 1.4469977 1.4469977 0.0000029 
FW540_baja_california 1.5220783 2.7541672 2.7541672 2.8119430 0.0000010 0.0000010 0.0000010 0.0000000 1.6306102 1.7475247 1.7396537 1.5220783 1.5466488 1.3929836 1.4412754 1.4412754 1.5355681 1.5355681 1.4410070 2.3486074 1.5293683 1.5331469 1.3960556 1.4412754 1.4412754 2.3394801 1.4425140 1.4410070 1.4410070 0.0000029 
P356_sinaloa_mexico   1.4576873 1.9816219 1.9816219 2.1654533 1.6306102 1.6360343 1.6335400 1.6306102 0.0000000 1.4795870 1.4753605 1.4576873 1.5686212 1.4570204 1.5416895 1.5416895 1.4672057 1.4672057 1.4066329 2.0102089 1.4632366 1.4658362 1.4576873 1.5416895 1.5416895 2.0060940 1.4091676 1.4066329 1.4066329 1.7150953 
P339_jalisco_mexico   0.0000029 2.5185103 2.5185103 2.5339604 1.7475247 1.7687885 1.7573977 1.7475247 1.4795870 0.0000000 0.0000010 0.0000029 0.0000030 0.8263446 0.5634132 0.5634132 0.0000029 0.0000029 0.5034647 8.9999989 0.0000029 0.0000029 0.8620392 0.5634132 0.5634132 8.9999987 0.5544917 0.5034647 0.5034647 1.7642383 
P311_sonora_mexico    0.0000029 2.5119370 2.5119370 2.5273521 1.7396537 1.7609181 1.7496157 1.7396537 1.4753605 0.0000010 0.0000000 0.0000029 0.0000030 0.8133716 0.5399862 0.5399862 0.0000029 0.0000029 0.4822458 8.9999989 0.0000029 0.0000029 0.8495436 0.5399862 0.5399862 8.9999987 0.5310959 0.4822458 0.4822458 1.7564584 
P338_jalisco_mexico   0.0000010 2.0362308 2.0362308 2.0457541 1.5220783 1.5339101 1.5293683 1.5220783 1.4576873 0.0000029 0.0000029 0.0000000 0.0000029 0.7831522 0.4986152 0.4986152 0.0000010 0.0000010 0.4468772 8.9999989 0.0000010 0.0000010 0.8193652 0.4986152 0.4986152 8.9999988 0.4902134 0.4468772 0.4468772 1.5331469 
P321_sonora_mexico    0.0000029 2.0610195 2.0610195 2.0706012 1.5466488 1.5586592 1.5538161 1.5466488 1.5686212 0.0000030 0.0000030 0.0000029 0.0000000 0.4822458 0.0000029 0.0000029 0.0000029 0.0000029 0.4822458 8.9999989 0.0000029 0.0000029 0.8495436 0.5399862 0.5399862 8.9999987 0.5310959 0.4822458 0.4822458 1.5576658 
P360_sinaloa_mexico   0.7831522 1.7180933 1.7180933 1.7241506 1.3929836 1.3995230 1.3977994 1.3929836 1.4570204 0.8263446 0.8133716 0.7831522 0.4822458 0.0000000 0.4544526 0.4544526 0.7961193 0.7961193 0.9031067 1.7266760 0.7995680 0.8002623 1.0029716 0.9292041 0.9292041 1.7221823 0.9271325 0.9031067 0.9031067 1.3998214 
P361_sinaloa_mexico   0.4986152 1.8278111 1.8278111 1.8349420 1.4412754 1.4494813 1.4469240 1.4412754 1.5416895 0.5634132 0.5399862 0.4986152 0.0000029 0.4544526 0.0000000 0.0000010 0.5144572 0.5144572 0.7831522 2.2996927 0.5254460 0.5231291 0.9521669 0.8232644 0.8232644 2.2764671 0.8193652 0.7831522 0.7831522 1.4494999 
P363_sinaloa_mexico   0.4986152 1.8278111 1.8278111 1.8349420 1.4412754 1.4494813 1.4469240 1.4412754 1.5416895 0.5634132 0.5399862 0.4986152 0.0000029 0.4544526 0.0000010 0.0000000 0.5144572 0.5144572 0.7831522 2.2996927 0.5254460 0.5231291 0.9521669 0.8232644 0.8232644 2.2764671 0.8193652 0.7831522 0.7831522 1.4494999 
P326_sonora_mexico    0.0000010 2.0514362 2.0514362 2.0610195 1.5355681 1.5475422 1.5428168 1.5355681 1.4672057 0.0000029 0.0000029 0.0000010 0.0000029 0.7961193 0.5144572 0.5144572 0.0000000 0.0000010 0.4601641 8.9999982 0.0000010 0.0000010 0.8325025 0.5144572 0.5144572 8.9999990 0.5058082 0.4601641 0.4601641 1.5466488 
P324_sonora_mexico    0.0000010 2.0514362 2.0514362 2.0610195 1.5355681 1.5475422 1.5428168 1.5355681 1.4672057 0.0000029 0.0000029 0.0000010 0.0000029 0.7961193 0.5144572 0.5144572 0.0000010 0.0000000 0.4601641 8.9999982 0.0000010 0.0000010 0.8325025 0.5144572 0.5144572 8.9999990 0.5058082 0.4601641 0.4601641 1.5466488 
P352_sinaloa_mexico   0.4468772 1.8532046 1.8532046 1.8608547 1.4410070 1.4497122 1.4469977 1.4410070 1.4066329 0.5034647 0.4822458 0.4468772 0.4822458 0.9031067 0.7831522 0.7831522 0.4601641 0.4601641 0.0000000 2.7541672 0.4706011 0.4680011 0.9271325 0.7831522 0.7831522 2.7031378 0.7788844 0.0000010 0.7422828 1.4497310 
P315_sonora_mexico    8.9999989 2.9455055 2.9455055 2.9593729 2.3486074 2.3708882 2.3548232 2.3486074 2.0102089 8.9999989 8.9999989 8.9999989 8.9999989 1.7266760 2.2996927 2.2996927 8.9999982 8.9999982 2.7541672 0.0000000 8.9999990 8.9999980 1.6940507 2.2996927 2.2996927 8.9999985 2.3261035 2.7541672 2.7541672 2.3614742 
FW533_mainland_mexico 0.0000010 2.0412500 2.0412500 2.0507567 1.5293683 1.5411798 1.5365772 1.5293683 1.4632366 0.0000029 0.0000029 0.0000010 0.0000029 0.7995680 0.5254460 0.5254460 0.0000010 0.0000010 0.4706011 8.9999990 0.0000000 0.0000010 0.8353482 0.5254460 0.5254460 8.9999989 0.5168580 0.4706011 0.4706011 1.5403539 
P365_sonora_mexico    0.0000010 2.0457521 2.0457521 2.0552748 1.5331469 1.5450137 1.5403539 1.5331469 1.4658362 0.0000029 0.0000029 0.0000010 0.0000029 0.8002623 0.5231291 0.5231291 0.0000010 0.0000010 0.4680011 8.9999980 0.0000010 0.0000000 0.8363193 0.5231291 0.5231291 8.9999989 0.5144572 0.4680011 0.4680011 1.5441503 
P357_sinaloa_mexico   0.8193652 1.8309633 1.8309633 1.8381273 1.3960556 1.4023533 1.4006754 1.3960556 1.4576873 0.8620392 0.8495436 0.8193652 0.8495436 1.0029716 0.9521669 0.9521669 0.8325025 0.8325025 0.9271325 1.6940507 0.8353482 0.8363193 0.0000000 0.4986152 0.4986152 1.6906096 0.9502835 0.9271325 0.9271325 1.4507825 
FW534_mainland_mexico 0.4986152 2.0362308 2.0362308 2.0457541 1.4412754 1.4494813 1.4469240 1.4412754 1.5416895 0.5634132 0.5399862 0.4986152 0.5399862 0.9292041 0.8232644 0.8232644 0.5144572 0.5144572 0.7831522 2.2996927 0.5254460 0.5231291 0.4986152 0.0000000 0.0000010 2.2764671 0.8193652 0.7831522 0.7831522 1.5331469 
P317_sonora_mexico    0.4986152 2.0362308 2.0362308 2.0457541 1.4412754 1.4494813 1.4469240 1.4412754 1.5416895 0.5634132 0.5399862 0.4986152 0.5399862 0.9292041 0.8232644 0.8232644 0.5144572 0.5144572 0.7831522 2.2996927 0.5254460 0.5231291 0.4986152 0.0000010 0.0000000 2.2764671 0.8193652 0.7831522 0.7831522 1.5331469 
P458_sonora_mexico    8.9999988 2.9320101 2.9320101 2.9457312 2.3394801 2.3614738 2.3456486 2.3394801 2.0060940 8.9999987 8.9999987 8.9999988 8.9999987 1.7221823 2.2764671 2.2764671 8.9999990 8.9999990 2.7031378 8.9999985 8.9999989 8.9999989 1.6906096 2.2764671 2.2764671 0.0000000 2.3018378 2.7031378 2.7031378 2.3522235 
P314_sonora_mexico    0.4902134 1.8309633 1.8309633 1.8381273 1.4425140 1.4507728 1.4481892 1.4425140 1.4091676 0.5544917 0.5310959 0.4902134 0.5310959 0.9271325 0.8193652 0.8193652 0.5058082 0.5058082 0.7788844 2.3261035 0.5168580 0.5144572 0.9502835 0.8193652 0.8193652 2.3018378 0.0000000 0.7788844 0.7788844 1.4507825 
P351_sinaloa_mexico   0.4468772 1.8532046 1.8532046 1.8608547 1.4410070 1.4497122 1.4469977 1.4410070 1.4066329 0.5034647 0.4822458 0.4468772 0.4822458 0.9031067 0.7831522 0.7831522 0.4601641 0.4601641 0.0000010 2.7541672 0.4706011 0.4680011 0.9271325 0.7831522 0.7831522 2.7031378 0.7788844 0.0000000 0.7422828 1.4497310 
P355_sinaloa_mexico   0.4468772 1.8532046 1.8532046 1.8608547 1.4410070 1.4497122 1.4469977 1.4410070 1.4066329 0.5034647 0.4822458 0.4468772 0.4822458 0.9031067 0.7831522 0.7831522 0.4601641 0.4601641 0.7422828 2.7541672 0.4706011 0.4680011 0.9271325 0.7831522 0.7831522 2.7031378 0.7788844 0.7422828 0.0000000 1.4497310 
P305_sonora_mexico    1.5331469 0.4560695 0.4560695 0.4778869 0.0000029 0.0000029 0.0000029 0.0000029 1.7150953 1.7642383 1.7564584 1.5331469 1.5576658 1.3998214 1.4494999 1.4494999 1.5466488 1.5466488 1.4497310 2.3614742 1.5403539 1.5441503 1.4507825 1.5331469 1.5331469 2.3522235 1.4507825 1.4497310 1.4497310 0.0000000 
